42 82 7 7 11 70 26 9 22 77 
70 25 91 79 22 11 50 79 72 40 
91 53 9 71 20 23 22 99 95 87 
50 65 74 5 60 45 91 42 89 38 
18 73 7 25 90 6 69 16 62 24 
74 66 71 60 51 50 96 12 12 19 
73 32 30 70 85 6 17 99 44 25 
85 88 21 18 18 2 28 41 44 58 
12 33 17 93 57 82 34 95 77 67 
10 69 92 91 46 81 93 12 53 58 
50 1 52 1 17 8 23 12 28 40 
75 79 68 13 39 37 28 38 45 26 
11 79 68 11 18 94 68 67 97 26 
79 70 96 22 38 58 66 52 97 90 
90 31 55 70 71 79 14 6 48 44 
92 55 39 73 4 73 51 7 35 57 
64 26 25 43 72 2 57 27 98 45 
98 43 32 19 48 7 98 88 55 59 
62 6 50 61 81 48 54 42 94 92 
78 8 72 64 36 97 65 85 99 24 
4 64 70 81 92 54 74 53 31 42 
6 81 89 10 29 58 10 93 19 54 
11 51 85 25 30 53 16 70 78 3 
25 60 43 90 48 65 78 42 98 36 
20 75 99 88 39 40 76 2 75 47 
80 63 33 97 38 30 62 80 16 89 
97 63 80 14 94 86 25 67 11 44 
95 94 91 47 82 73 88 29 6 31 
65 58 44 18 98 27 56 56 87 54 
98 50 40 47 94 89 72 92 38 3 
99 57 98 11 9 4 43 21 93 97 
45 42 47 56 55 80 31 58 80 19 
12 93 36 19 83 46 42 74 17 85 
84 49 36 89 51 5 78 91 27 75 
98 69 80 64 84 19 71 2 59 81 
56 46 30 54 40 8 42 33 99 97 
49 25 89 2 55 67 49 86 37 4 
80 5 34 19 54 74 94 35 90 21 
84 95 19 70 53 88 64 61 43 2 
63 74 68 63 22 12 94 96 87 6 
60 38 42 73 16 53 34 53 25 56 
68 77 64 1 78 63 67 88 20 47 
58 45 22 37 44 69 3 44 56 45 
71 3 82 78 15 61 93 91 63 9 
52 86 94 3 94 89 98 54 21 97 
52 23 23 33 8 41 28 17 50 68 
83 5 9 23 77 4 40 41 44 7 
70 34 89 98 9 8 30 18 1 33 
78 48 28 19 39 55 92 7 94 86 
81 62 25 32 89 38 13 9 70 70 
58 3 35 47 16 11 88 20 55 94 
69 81 48 7 30 66 20 12 33 54 
62 98 2 91 65 91 42 52 74 88 
63 38 33 86 6 67 31 30 43 15 
90 20 48 1 10 54 30 8 73 26 
55 47 50 25 50 35 87 93 36 40 
75 89 6 31 85 2 69 9 95 13 
18 58 94 97 91 24 40 34 39 99 
23 64 46 47 44 40 43 64 1 22 
35 54 3 78 70 83 8 77 96 2 
82 31 16 24 90 77 74 42 40 81 
74 64 52 42 12 65 90 15 37 38 
70 82 77 76 11 64 73 74 30 55 
6 22 74 97 90 25 92 3 32 39 
63 59 52 2 84 91 93 86 2 19 
18 12 44 88 53 81 12 34 29 80 
20 44 51 55 18 51 9 65 10 10 
81 44 79 21 79 78 5 87 58 7 
76 80 11 68 15 19 28 85 17 88 
86 60 87 12 62 27 15 69 82 7 
21 88 9 42 38 29 71 92 39 25 
1 29 79 88 74 58 13 21 60 34 
67 57 81 34 86 25 93 60 38 96 
96 79 51 66 32 53 78 62 94 81 
86 70 34 15 12 76 62 20 63 31 
24 44 29 49 78 23 48 35 10 1 
93 79 93 91 43 52 69 58 23 15 
47 29 27 14 75 18 52 12 88 14 
3 52 21 7 9 79 9 80 69 38 
78 10 72 42 78 51 29 90 85 31 
64 13 21 19 45 75 49 99 36 69 
79 75 97 47 38 70 1 78 81 68 
45 32 85 28 50 89 50 86 16 29 
2 45 57 45 61 67 83 63 58 49 
68 58 90 24 19 62 43 7 43 35 
7 33 55 49 50 6 3 30 59 74 
78 35 54 1 5 31 25 18 30 84 
12 26 44 78 70 75 13 55 72 77 
16 92 27 40 7 48 47 18 84 55 
46 18 92 79 84 81 74 7 88 76 
61 54 36 98 5 71 94 47 38 74 
6 42 79 90 91 99 11 15 24 14 
38 65 7 29 3 29 31 50 46 54 
53 14 30 59 96 53 62 39 59 11 
3 94 41 93 43 43 82 52 72 71 
84 87 91 36 88 3 62 7 27 35 
86 19 44 46 75 81 92 55 81 23 
43 54 20 2 6 13 95 49 43 93 
66 79 72 73 3 41 46 16 63 76 
21 74 15 93 81 98 52 71 42 19 
