0 0 7 7 11 0 0 9 0 77 
0 25 91 79 0 11 0 79 0 0 
91 53 9 71 0 23 0 99 95 87 
0 65 0 5 0 45 91 0 89 0 
0 73 7 25 0 0 69 0 0 0 
0 0 71 0 51 0 0 0 0 19 
73 0 0 0 85 0 17 99 0 25 
85 0 21 0 0 0 0 41 0 0 
0 33 17 93 57 0 0 95 77 67 
0 69 0 91 0 81 93 0 53 0 
0 1 0 1 17 0 23 0 0 0 
75 79 0 13 39 37 0 0 45 0 
11 79 0 11 0 0 0 67 97 0 
79 0 0 0 0 0 0 0 97 0 
0 31 55 0 71 79 0 0 0 0 
0 55 39 73 0 73 51 7 35 57 
0 0 25 43 0 0 57 27 0 45 
0 43 0 19 0 7 0 0 55 59 
0 0 0 61 81 0 0 0 0 0 
0 0 0 0 0 97 65 85 99 0 
0 0 0 81 0 0 0 53 31 0 
0 81 89 0 29 0 0 93 19 0 
11 51 85 25 0 53 0 0 0 3 
25 0 43 0 0 65 0 0 0 0 
0 75 99 0 39 0 0 0 75 47 
0 63 33 97 0 0 0 0 0 89 
97 63 0 0 0 0 25 67 11 0 
95 0 91 47 0 73 0 29 0 31 
65 0 0 0 0 27 0 0 87 0 
0 0 0 47 0 89 0 0 0 3 
99 57 0 11 9 0 43 21 93 97 
45 0 47 0 55 0 31 0 0 19 
0 93 0 19 83 0 0 0 17 85 
0 49 0 89 51 5 0 91 27 75 
0 69 0 0 0 19 71 0 59 81 
0 0 0 0 0 0 0 33 99 97 
49 25 89 0 55 67 49 0 37 0 
0 5 0 19 0 0 0 35 0 21 
0 95 19 0 53 0 0 61 43 0 
63 0 0 63 0 0 0 0 87 0 
0 0 0 73 0 53 0 53 25 0 
0 77 0 1 0 63 67 0 0 47 
0 45 0 37 0 69 3 0 0 45 
71 3 0 0 15 61 93 91 63 9 
0 0 0 3 0 89 0 0 21 97 
0 23 23 33 0 41 0 17 0 0 
83 5 9 23 77 0 0 41 0 7 
0 0 89 0 9 0 0 0 1 33 
0 0 0 19 39 55 0 7 0 0 
81 0 25 0 89 0 13 9 0 0 
0 3 35 47 0 11 0 0 55 0 
69 81 0 7 0 0 0 0 33 0 
0 0 0 91 65 91 0 0 0 0 
63 0 33 0 0 67 31 0 43 15 
0 0 0 1 0 0 0 0 73 0 
55 47 0 25 0 35 87 93 0 0 
75 89 0 31 85 0 69 9 95 13 
0 0 0 97 91 0 0 0 39 99 
23 0 0 47 0 0 43 0 1 0 
35 0 3 0 0 83 0 77 0 0 
0 31 0 0 0 77 0 0 0 81 
0 0 0 0 0 65 0 15 37 0 
0 0 77 0 11 0 73 0 0 55 
0 0 0 97 0 25 0 3 0 39 
63 59 0 0 0 91 93 0 0 19 
0 0 0 0 53 81 0 0 29 0 
0 0 51 55 0 51 9 65 0 0 
81 0 79 21 79 0 5 87 0 7 
0 0 11 0 15 19 0 85 17 0 
0 0 87 0 0 27 15 69 0 7 
21 0 9 0 0 29 71 0 39 25 
1 29 79 0 0 0 13 21 0 0 
67 57 81 0 0 25 93 0 0 0 
0 79 51 0 0 53 0 0 0 81 
0 0 0 15 0 0 0 0 63 31 
0 0 29 49 0 23 0 35 0 1 
93 79 93 91 43 0 69 0 23 15 
47 29 27 0 75 0 0 0 0 0 
3 0 21 7 9 79 9 0 69 0 
0 0 0 0 0 51 29 0 85 31 
0 13 21 19 45 75 49 99 0 69 
79 75 97 47 0 0 1 0 81 0 
45 0 85 0 0 89 0 0 0 29 
0 45 57 45 61 67 83 63 0 49 
0 0 0 0 19 0 43 7 43 35 
7 33 55 49 0 0 3 0 59 0 
0 35 0 1 5 31 25 0 0 0 
0 0 0 0 0 75 13 55 0 77 
0 0 27 0 7 0 47 0 0 55 
0 0 0 79 0 81 0 7 0 0 
61 0 0 0 5 71 0 47 0 0 
0 0 79 0 91 99 11 15 0 0 
0 65 7 29 3 29 31 0 0 0 
53 0 0 59 0 53 0 39 59 11 
3 0 41 93 43 43 0 0 0 71 
0 87 91 0 0 3 0 7 27 35 
0 19 0 0 75 81 0 55 81 23 
43 0 0 0 0 13 95 49 43 93 
0 79 0 73 3 41 0 0 63 0 
21 0 15 93 81 0 0 71 0 19 
